131,49
131,48
131,47
131,46
131,45
131,44
131,43
131,42
131,41
131,40
131,39
131,38
131,37
131,36
135,6
135,5
135,4
136,6
136,5
136,4
136,3
136,2
136,1
136,0
135,3
135,2
135,1
135,0
134,3
134,2
134,1
134,0
133,3
133,2
133,1
133,0
132,3
132,2
132,1
132,0
0,278
0,9
131,35
3,2
3,1
3,3
10,116
10,82
10,212
10,274
10,102
10,176
10,228
10,1
10,216
10,2
10,3
11,26
11,10
11,18
11,28
11,8
11,1
11,12
11,2
11,3
9,7
9,6
9,1
9,4
9,2
9,3
8,15
8,5
8,8
8,4
8,1
8,6
8,2
8,3
12,2
12,1
12,3
20,2
20,1
20,3
19,2
19,1
19,3
130,6
130,5
130,4
130,3
18,1
130,2
18,3
130,1
130,0
129,6
129,5
129,4
14,1
129,3
14,3
129,2
13,1
129,1
13,3
129,0
128,3
128,2
128,1
128,0
127,3
127,2
